110037
122001
122413
123503
125001
131001
132103
134003
134113
136118
141003
143114
144001
147001
160002
201001
201301
208012
211001
211002
221010
226010
244001
282002
302016
302022
305001
313001
324007
342005
360003
361001
380008
390001
394210
396191
400072
400074
403722
411043
421302
422011
431009
440011
452010
462023
474001
482001
500016
520008
530016
560026
560034
560060
560067
560068
560105
570001
575001
600032
605011
620018
625010
632006
636005
638011
641025
641026
641604
700055
700128
712249
900007
900008
900009
960001
